CREATE DATABASE scsantandersmart;
CREATE TABLE temperatures_sensor (
  id_sensor varchar(20) NOT NULL,
  dia_medicion datetime NOT NULL,
  temperatura float NOT NULL,
  PRIMARY KEY (id_sensor,dia_medicion)
);

CREATE TABLE medias_sensor (
  sensor varchar(500) NOT NULL,
  dia_medicion date NOT NULL,
  media_dia float NOT NULL,
  medias_24 varchar(1000) NOT NULL,
  PRIMARY KEY (sensor,dia_medicion)
);

insert into medias_sensor (sensor, dia_medicion, media_dia, medias_24) values ("temperature", '2016-01-05', 18.3013 , "[17.215637,17.215637,17.215637,18.215637,18.215637,17.215637,16.888546,16.884363,24.215637,14.215637,12.215637,14.215637,14.215637,34.215637,14.215637,14.215637,24.215637,14.215637,14.215637,16.15637,11.215637,11.215637,11.215637,11.215637,11.215637,11.215637,11.215637,8.215637,8.215637,8.215637,8.215637,8.215637,8.215637,8.215637,8.215637,8.215637,6.215637,6.215637,6.215637,6.215637,6.215637,6.215637,6.215637,6.215637,6.215637,6.215637,6.215637,6.215637,]");

insert into medias_sensor (sensor, dia_medicion, media_dia, medias_24) values ("temperature", '2016-01-06', 28.3013 , "[17.215637,17.215637,17.215637,18.215637,18.215637,17.215637,20.888546,16.884363,24.215637,14.215637,13.215637,14.215637,17.215637,34.215637,14.215637,14.215637,24.215637,14.215637,14.215637,16.15637,11.215637,11.215637,11.215637,11.215637,11.215637,11.215637,11.215637,8.215637,8.215637,8.215637,8.215637,8.215637,8.215637,8.215637,8.215637,8.215637,6.215637,6.215637,6.215637,6.215637,6.215637,6.215637,6.215637,6.215637,6.215637,6.215637,6.215637,6.215637,]");

insert into medias_sensor (sensor, dia_medicion, media_dia, medias_24) values ("temperature", '2016-01-07', 15.3013 , "[17.215637,17.215637,17.215637,18.215637,18.215637,17.215637,19.888546,16.884363,24.215637,14.215637,12.215637,22.215637,14.215637,34.215637,14.215637,14.215637,24.215637,14.215637,14.215637,16.15637,11.215637,11.215637,11.215637,11.215637,11.215637,11.215637,11.215637,8.215637,8.215637,8.215637,8.215637,8.215637,8.215637,8.215637,8.215637,8.215637,6.215637,6.215637,6.215637,6.215637,6.215637,6.215637,6.215637,6.215637,6.215637,6.215637,6.215637,6.215637,]");

insert into medias_sensor (sensor, dia_medicion, media_dia, medias_24) values ("temperature", '2016-01-08', 18.3013 , "[17.215637,17.215637,17.215637,18.215637,18.215637,17.215637,18.888546,16.884363,24.215637,14.215637,12.215637,14.215637,14.215637,34.215637,14.215637,14.215637,24.215637,14.215637,14.215637,16.15637,11.215637,11.215637,11.215637,11.215637,11.215637,11.215637,11.215637,8.215637,8.215637,8.215637,8.215637,8.215637,8.215637,8.215637,8.215637,8.215637,6.215637,6.215637,6.215637,6.215637,6.215637,6.215637,6.215637,6.215637,6.215637,6.215637,6.215637,6.215637,]");

insert into medias_sensor (sensor, dia_medicion, media_dia, medias_24) values ("temperature", '2016-01-09', 16.3013 , "[17.215637,17.215637,17.215637,18.215637,18.215637,17.215637,15.888546,16.884363,24.215637,14.215637,12.215637,2.215637,14.215637,34.215637,14.215637,14.215637,24.215637,14.215637,14.215637,16.15637,11.215637,11.215637,11.215637,11.215637,11.215637,11.215637,11.215637,8.215637,8.215637,8.215637,8.215637,8.215637,8.215637,8.215637,8.215637,8.215637,6.215637,6.215637,6.215637,6.215637,6.215637,6.215637,6.215637,6.215637,6.215637,6.215637,6.215637,6.215637,]");

insert into medias_sensor (sensor, dia_medicion, media_dia, medias_24) values ("temperature", '2016-01-10', 11.3013 , "[17.215637,17.215637,17.215637,18.215637,18.215637,17.215637,13.888546,16.884363,24.215637,14.215637,12.215637,1.215637,14.215637,34.215637,14.215637,14.215637,24.215637,14.215637,14.215637,16.15637,11.215637,11.215637,11.215637,11.215637,11.215637,11.215637,11.215637,8.215637,8.215637,8.215637,8.215637,8.215637,8.215637,8.215637,8.215637,8.215637,6.215637,6.215637,6.215637,6.215637,6.215637,6.215637,6.215637,6.215637,6.215637,6.215637,6.215637,6.215637,]");

insert into medias_sensor (sensor, dia_medicion, media_dia, medias_24) values ("temperature", '2016-01-11', 10.3013 , "[17.215637,17.215637,17.215637,18.215637,18.215637,17.215637,12.888546,16.884363,24.215637,14.215637,12.215637,34.215637,14.215637,34.215637,14.215637,14.215637,24.215637,14.215637,14.215637,16.15637,11.215637,11.215637,11.215637,11.215637,11.215637,11.215637,11.215637,8.215637,8.215637,8.215637,8.215637,8.215637,8.215637,8.215637,8.215637,8.215637,6.215637,6.215637,6.215637,6.215637,6.215637,6.215637,6.215637,6.215637,6.215637,6.215637,6.215637,6.215637,]");

